%YAML:1.0

image_width: 640
image_height: 480
camera_name: head_camera
camera_matrix:
  rows: 3
  cols: 3
  data: [648.2213132384727, 0, 392.628373613027, 0, 648.462115440049, 251.4385319358859, 0, 0, 1]
distortion_model: plumb_bob
distortion_coefficients:
  rows: 1
  cols: 5
  data: [-0.411091017235553, 0.1186582721704335, -0.007656554052582008, -0.02968459067804319, 0]
rectification_matrix:
  rows: 3
  cols: 3
  data: [1, 0, 0, 0, 1, 0, 0, 0, 1]
projection_matrix:
  rows: 3
  cols: 4
  data: [580.114013671875, 0, 391.4044936253194, 0, 0, 610.6856689453125, 250.3304718977524, 0, 0, 0, 1, 0]
